Scale: 6.3223753071954505
Shift: 190.01350664986995
